25 42 45 52 86
8 35 60 67 84
26 27 30 73 85
10 14 25 51 71
7 63 69 76 85
33 43 58 60 77
8 9 19 37 43
1 11 45 67 78
7 53 65 73 87
53 55 67 79 80
14 34 43 52 78
17 22 47 73 90
23 36 38 57 76
1 23 37 49 60
8 29 59 77 89
1 9 17 18 89
9 16 78 83 86
4 13 47 76 78
22 29 53 62 74
39 41 46 47 60
13 14 21 34 84
15 24 27 29 40
16 55 60 67 76
32 43 60 74 79
10 42 60 78 82
40 47 52 57 83
1 9 11 19 41
29 54 63 78 83
2 39 69 72 74
3 7 32 41 58
22 42 62 82 84
4 27 41 72 88
9 10 36 50 78
6 18 51 59 64
22 24 43 64 90
43 45 56 66 82
24 36 44 63 68
8 33 57 62 66
5 22 25 67 87
1 23 27 42 84
16 38 54 84 90
15 36 45 58 72
28 30 35 56 84
38 39 52 79 85
27 35 51 57 59
24 43 44 48 58
11 15 23 43 87
11 15 26 39 78
48 55 62 69 80
11 27 55 68 80
7 18 53 54 85
3 50 52 59 74
